2.000000000000000000e+00
2.000000000000000000e+00
2.000000000000000000e+00
8.800000000000000044e-01
2.000000000000000000e+00
2.000000000000000000e+00
2.000000000000000000e+00
2.000000000000000000e+00
8.000000000000000444e-01
2.000000000000000000e+00
2.000000000000000000e+00
1.879999999999999893e+00
2.000000000000000000e+00
2.000000000000000000e+00
2.000000000000000000e+00
2.000000000000000000e+00
1.000000000000000000e+00
2.000000000000000000e+00
7.600000000000000089e-01
1.639999999999999902e+00
2.000000000000000000e+00
2.000000000000000000e+00
2.000000000000000000e+00
2.000000000000000000e+00
2.000000000000000000e+00
2.000000000000000000e+00
9.200000000000000400e-01
2.000000000000000000e+00
1.360000000000000098e+00
1.520000000000000018e+00
1.360000000000000098e+00
1.479999999999999982e+00
8.800000000000000044e-01
5.999999999999999778e-01
9.599999999999999645e-01
8.000000000000000444e-01
2.000000000000000000e+00
2.000000000000000000e+00
7.600000000000000089e-01
1.320000000000000062e+00
1.760000000000000009e+00
2.000000000000000000e+00
2.000000000000000000e+00
2.000000000000000000e+00
1.760000000000000009e+00
1.000000000000000000e+00
8.800000000000000044e-01
2.000000000000000000e+00
2.000000000000000000e+00
9.599999999999999645e-01
9.200000000000000400e-01
2.000000000000000000e+00
1.080000000000000071e+00
2.000000000000000000e+00
7.600000000000000089e-01
2.000000000000000000e+00
2.000000000000000000e+00
2.000000000000000000e+00
2.000000000000000000e+00
2.000000000000000000e+00
8.000000000000000444e-01
2.000000000000000000e+00
2.000000000000000000e+00
2.000000000000000000e+00
2.000000000000000000e+00
1.360000000000000098e+00
1.080000000000000071e+00
1.320000000000000062e+00
2.000000000000000000e+00
2.000000000000000000e+00
1.399999999999999911e+00
2.000000000000000000e+00
2.000000000000000000e+00
1.439999999999999947e+00
2.000000000000000000e+00
2.000000000000000000e+00
2.000000000000000000e+00
8.000000000000000444e-01
2.000000000000000000e+00
1.080000000000000071e+00
2.000000000000000000e+00
2.000000000000000000e+00
2.000000000000000000e+00
2.000000000000000000e+00
2.000000000000000000e+00
8.000000000000000444e-01
2.000000000000000000e+00
8.000000000000000444e-01
2.000000000000000000e+00
2.000000000000000000e+00
2.000000000000000000e+00
2.000000000000000000e+00
6.800000000000000488e-01
2.000000000000000000e+00
2.000000000000000000e+00
2.000000000000000000e+00
2.000000000000000000e+00
1.000000000000000000e+00
2.000000000000000000e+00
2.000000000000000000e+00
2.000000000000000000e+00
2.000000000000000000e+00
1.080000000000000071e+00
2.000000000000000000e+00
8.000000000000000444e-01
2.000000000000000000e+00
8.399999999999999689e-01
1.320000000000000062e+00
2.000000000000000000e+00
2.000000000000000000e+00
9.200000000000000400e-01
1.679999999999999938e+00
1.840000000000000080e+00
1.639999999999999902e+00
2.000000000000000000e+00
2.000000000000000000e+00
2.000000000000000000e+00
2.000000000000000000e+00
2.000000000000000000e+00
9.200000000000000400e-01
2.000000000000000000e+00
2.000000000000000000e+00
1.959999999999999964e+00
9.200000000000000400e-01
2.000000000000000000e+00
1.639999999999999902e+00
9.200000000000000400e-01
2.000000000000000000e+00
1.159999999999999920e+00
2.000000000000000000e+00
1.159999999999999920e+00
7.199999999999999734e-01
9.599999999999999645e-01
9.599999999999999645e-01
2.000000000000000000e+00
1.320000000000000062e+00
1.800000000000000044e+00
1.919999999999999929e+00
8.800000000000000044e-01
6.800000000000000488e-01
2.000000000000000000e+00
1.120000000000000107e+00
7.199999999999999734e-01
2.000000000000000000e+00
2.000000000000000000e+00
1.000000000000000000e+00
7.199999999999999734e-01
2.000000000000000000e+00
1.360000000000000098e+00
1.199999999999999956e+00
2.000000000000000000e+00
2.000000000000000000e+00
8.399999999999999689e-01
1.840000000000000080e+00
7.199999999999999734e-01
1.280000000000000027e+00
1.840000000000000080e+00
2.000000000000000000e+00
2.000000000000000000e+00
2.000000000000000000e+00
2.000000000000000000e+00
1.600000000000000089e+00
8.399999999999999689e-01
2.000000000000000000e+00
1.040000000000000036e+00
8.000000000000000444e-01
2.000000000000000000e+00
2.000000000000000000e+00
1.439999999999999947e+00
8.399999999999999689e-01
1.040000000000000036e+00
1.080000000000000071e+00
1.600000000000000089e+00
2.000000000000000000e+00
1.280000000000000027e+00
2.000000000000000000e+00
2.000000000000000000e+00
2.000000000000000000e+00
1.560000000000000053e+00
2.000000000000000000e+00
2.000000000000000000e+00
1.080000000000000071e+00
1.959999999999999964e+00
2.000000000000000000e+00
1.800000000000000044e+00
2.000000000000000000e+00
2.000000000000000000e+00
2.000000000000000000e+00
2.000000000000000000e+00
2.000000000000000000e+00
1.080000000000000071e+00
1.239999999999999991e+00
2.000000000000000000e+00
2.000000000000000000e+00
2.000000000000000000e+00
1.520000000000000018e+00
2.000000000000000000e+00
2.000000000000000000e+00
1.560000000000000053e+00
2.000000000000000000e+00
2.000000000000000000e+00
7.199999999999999734e-01
1.560000000000000053e+00
1.520000000000000018e+00
8.399999999999999689e-01
2.000000000000000000e+00
2.000000000000000000e+00
1.239999999999999991e+00
1.199999999999999956e+00
2.000000000000000000e+00
1.360000000000000098e+00
1.000000000000000000e+00
2.000000000000000000e+00
2.000000000000000000e+00
2.000000000000000000e+00
2.000000000000000000e+00
2.000000000000000000e+00
1.919999999999999929e+00
1.080000000000000071e+00
8.800000000000000044e-01
2.000000000000000000e+00
2.000000000000000000e+00
2.000000000000000000e+00
2.000000000000000000e+00
9.599999999999999645e-01
1.760000000000000009e+00
2.000000000000000000e+00
7.600000000000000089e-01
1.159999999999999920e+00
2.000000000000000000e+00
8.000000000000000444e-01
2.000000000000000000e+00
2.000000000000000000e+00
2.000000000000000000e+00
2.000000000000000000e+00
2.000000000000000000e+00
1.840000000000000080e+00
1.040000000000000036e+00
2.000000000000000000e+00
8.800000000000000044e-01
8.800000000000000044e-01
7.199999999999999734e-01
2.000000000000000000e+00
2.000000000000000000e+00
8.399999999999999689e-01
2.000000000000000000e+00
9.200000000000000400e-01
2.000000000000000000e+00
2.000000000000000000e+00
2.000000000000000000e+00
2.000000000000000000e+00
8.000000000000000444e-01
2.000000000000000000e+00
2.000000000000000000e+00
2.000000000000000000e+00
2.000000000000000000e+00
2.000000000000000000e+00
8.399999999999999689e-01
1.600000000000000089e+00
9.200000000000000400e-01
1.000000000000000000e+00
2.000000000000000000e+00
2.000000000000000000e+00
2.000000000000000000e+00
1.639999999999999902e+00
6.800000000000000488e-01
2.000000000000000000e+00
2.000000000000000000e+00
2.000000000000000000e+00
2.000000000000000000e+00
2.000000000000000000e+00
1.919999999999999929e+00
6.800000000000000488e-01
2.000000000000000000e+00
2.000000000000000000e+00
2.000000000000000000e+00
2.000000000000000000e+00
8.800000000000000044e-01
2.000000000000000000e+00
2.000000000000000000e+00
9.200000000000000400e-01
8.399999999999999689e-01
1.959999999999999964e+00
1.760000000000000009e+00
1.239999999999999991e+00
2.000000000000000000e+00
2.000000000000000000e+00
2.000000000000000000e+00
9.599999999999999645e-01
2.000000000000000000e+00
2.000000000000000000e+00
2.000000000000000000e+00
2.000000000000000000e+00
2.000000000000000000e+00
2.000000000000000000e+00
2.000000000000000000e+00
2.000000000000000000e+00
2.000000000000000000e+00
2.000000000000000000e+00
7.600000000000000089e-01
2.000000000000000000e+00
7.199999999999999734e-01
2.000000000000000000e+00
9.200000000000000400e-01
2.000000000000000000e+00
1.120000000000000107e+00
2.000000000000000000e+00
2.000000000000000000e+00
8.000000000000000444e-01
8.000000000000000444e-01
2.000000000000000000e+00
2.000000000000000000e+00
2.000000000000000000e+00
2.000000000000000000e+00
2.000000000000000000e+00
2.000000000000000000e+00
8.399999999999999689e-01
2.000000000000000000e+00
8.800000000000000044e-01
2.000000000000000000e+00
2.000000000000000000e+00
2.000000000000000000e+00
2.000000000000000000e+00
2.000000000000000000e+00
2.000000000000000000e+00
2.000000000000000000e+00
2.000000000000000000e+00
2.000000000000000000e+00
2.000000000000000000e+00
2.000000000000000000e+00
2.000000000000000000e+00
2.000000000000000000e+00
1.040000000000000036e+00
2.000000000000000000e+00
8.399999999999999689e-01
2.000000000000000000e+00
1.280000000000000027e+00
2.000000000000000000e+00
2.000000000000000000e+00
1.600000000000000089e+00
8.000000000000000444e-01
2.000000000000000000e+00
2.000000000000000000e+00
2.000000000000000000e+00
2.000000000000000000e+00
2.000000000000000000e+00
2.000000000000000000e+00
2.000000000000000000e+00
1.360000000000000098e+00
1.760000000000000009e+00
1.639999999999999902e+00
1.560000000000000053e+00
9.200000000000000400e-01
2.000000000000000000e+00
9.599999999999999645e-01
9.200000000000000400e-01
2.000000000000000000e+00
1.479999999999999982e+00
1.040000000000000036e+00
2.000000000000000000e+00
2.000000000000000000e+00
8.000000000000000444e-01
2.000000000000000000e+00
7.600000000000000089e-01
2.000000000000000000e+00
1.280000000000000027e+00
2.000000000000000000e+00
1.639999999999999902e+00
8.399999999999999689e-01
2.000000000000000000e+00
1.840000000000000080e+00
2.000000000000000000e+00
2.000000000000000000e+00
2.000000000000000000e+00
1.040000000000000036e+00
1.080000000000000071e+00
1.239999999999999991e+00
2.000000000000000000e+00
2.000000000000000000e+00
2.000000000000000000e+00
2.000000000000000000e+00
1.800000000000000044e+00
2.000000000000000000e+00
8.000000000000000444e-01
2.000000000000000000e+00
8.800000000000000044e-01
2.000000000000000000e+00
1.879999999999999893e+00
2.000000000000000000e+00
1.199999999999999956e+00
2.000000000000000000e+00
2.000000000000000000e+00
2.000000000000000000e+00
2.000000000000000000e+00
1.879999999999999893e+00
1.879999999999999893e+00
2.000000000000000000e+00
2.000000000000000000e+00
2.000000000000000000e+00
8.000000000000000444e-01
2.000000000000000000e+00
2.000000000000000000e+00
1.679999999999999938e+00
1.520000000000000018e+00
2.000000000000000000e+00
2.000000000000000000e+00
2.000000000000000000e+00
9.599999999999999645e-01
2.000000000000000000e+00
1.000000000000000000e+00
2.000000000000000000e+00
1.840000000000000080e+00
1.760000000000000009e+00
8.000000000000000444e-01
8.800000000000000044e-01
2.000000000000000000e+00
2.000000000000000000e+00
8.000000000000000444e-01
1.040000000000000036e+00
1.199999999999999956e+00
2.000000000000000000e+00
2.000000000000000000e+00
2.000000000000000000e+00
1.399999999999999911e+00
2.000000000000000000e+00
2.000000000000000000e+00
1.080000000000000071e+00
1.879999999999999893e+00
2.000000000000000000e+00
2.000000000000000000e+00
7.199999999999999734e-01
2.000000000000000000e+00
1.560000000000000053e+00
1.600000000000000089e+00
2.000000000000000000e+00
2.000000000000000000e+00
2.000000000000000000e+00
1.120000000000000107e+00
1.159999999999999920e+00
1.840000000000000080e+00
6.800000000000000488e-01
2.000000000000000000e+00
8.000000000000000444e-01
9.599999999999999645e-01
2.000000000000000000e+00
1.159999999999999920e+00
2.000000000000000000e+00
1.280000000000000027e+00
2.000000000000000000e+00
2.000000000000000000e+00
2.000000000000000000e+00
2.000000000000000000e+00
2.000000000000000000e+00
2.000000000000000000e+00
2.000000000000000000e+00
2.000000000000000000e+00
2.000000000000000000e+00
2.000000000000000000e+00
2.000000000000000000e+00
2.000000000000000000e+00
8.800000000000000044e-01
1.120000000000000107e+00
2.000000000000000000e+00
1.840000000000000080e+00
2.000000000000000000e+00
2.000000000000000000e+00
1.600000000000000089e+00
2.000000000000000000e+00
1.520000000000000018e+00
1.959999999999999964e+00
1.000000000000000000e+00
2.000000000000000000e+00
1.239999999999999991e+00
2.000000000000000000e+00
5.600000000000000533e-01
2.000000000000000000e+00
1.159999999999999920e+00
2.000000000000000000e+00
2.000000000000000000e+00
2.000000000000000000e+00
2.000000000000000000e+00
8.000000000000000444e-01
1.919999999999999929e+00
2.000000000000000000e+00
9.200000000000000400e-01
2.000000000000000000e+00
2.000000000000000000e+00
2.000000000000000000e+00
2.000000000000000000e+00
1.879999999999999893e+00
1.080000000000000071e+00
1.760000000000000009e+00
2.000000000000000000e+00
1.479999999999999982e+00
2.000000000000000000e+00
2.000000000000000000e+00
2.000000000000000000e+00
2.000000000000000000e+00
2.000000000000000000e+00
2.000000000000000000e+00
2.000000000000000000e+00
1.239999999999999991e+00
2.000000000000000000e+00
2.000000000000000000e+00
2.000000000000000000e+00
2.000000000000000000e+00
1.879999999999999893e+00
2.000000000000000000e+00
1.000000000000000000e+00
1.040000000000000036e+00
8.000000000000000444e-01
8.000000000000000444e-01
5.999999999999999778e-01
2.000000000000000000e+00
1.320000000000000062e+00
6.800000000000000488e-01
1.040000000000000036e+00
2.000000000000000000e+00
1.560000000000000053e+00
8.399999999999999689e-01
2.000000000000000000e+00
1.080000000000000071e+00
2.000000000000000000e+00
2.000000000000000000e+00
1.800000000000000044e+00
2.000000000000000000e+00
2.000000000000000000e+00
1.719999999999999973e+00
1.280000000000000027e+00
1.520000000000000018e+00
1.000000000000000000e+00
2.000000000000000000e+00
2.000000000000000000e+00
2.000000000000000000e+00
2.000000000000000000e+00
2.000000000000000000e+00
2.000000000000000000e+00
2.000000000000000000e+00
1.879999999999999893e+00
1.959999999999999964e+00
2.000000000000000000e+00
2.000000000000000000e+00
2.000000000000000000e+00
8.399999999999999689e-01
2.000000000000000000e+00
1.840000000000000080e+00
7.600000000000000089e-01
2.000000000000000000e+00
7.600000000000000089e-01
1.280000000000000027e+00
2.000000000000000000e+00
2.000000000000000000e+00
2.000000000000000000e+00
2.000000000000000000e+00
1.560000000000000053e+00
1.360000000000000098e+00
1.879999999999999893e+00
5.999999999999999778e-01
2.000000000000000000e+00
2.000000000000000000e+00
2.000000000000000000e+00
2.000000000000000000e+00
8.399999999999999689e-01
1.199999999999999956e+00
1.280000000000000027e+00
2.000000000000000000e+00
2.000000000000000000e+00
2.000000000000000000e+00
2.000000000000000000e+00
6.400000000000000133e-01
6.400000000000000133e-01
5.600000000000000533e-01
1.639999999999999902e+00
1.399999999999999911e+00
8.399999999999999689e-01
1.159999999999999920e+00
2.000000000000000000e+00
6.800000000000000488e-01
2.000000000000000000e+00
1.679999999999999938e+00
8.800000000000000044e-01
1.760000000000000009e+00
7.600000000000000089e-01
7.600000000000000089e-01
2.000000000000000000e+00
2.000000000000000000e+00
2.000000000000000000e+00
2.000000000000000000e+00
1.280000000000000027e+00
1.399999999999999911e+00
2.000000000000000000e+00
2.000000000000000000e+00
2.000000000000000000e+00
6.800000000000000488e-01
2.000000000000000000e+00
5.999999999999999778e-01
1.399999999999999911e+00
6.400000000000000133e-01
1.479999999999999982e+00
2.000000000000000000e+00
2.000000000000000000e+00
1.000000000000000000e+00
1.399999999999999911e+00
8.800000000000000044e-01
2.000000000000000000e+00
2.000000000000000000e+00
1.159999999999999920e+00
2.000000000000000000e+00
8.399999999999999689e-01
2.000000000000000000e+00
1.199999999999999956e+00
6.800000000000000488e-01
8.800000000000000044e-01
1.159999999999999920e+00
2.000000000000000000e+00
1.360000000000000098e+00
2.000000000000000000e+00
2.000000000000000000e+00
2.000000000000000000e+00
2.000000000000000000e+00
2.000000000000000000e+00
2.000000000000000000e+00
1.479999999999999982e+00
2.000000000000000000e+00
2.000000000000000000e+00
9.599999999999999645e-01
2.000000000000000000e+00
1.000000000000000000e+00
2.000000000000000000e+00
2.000000000000000000e+00
4.799999999999999822e-01
2.000000000000000000e+00
1.639999999999999902e+00
2.000000000000000000e+00
9.599999999999999645e-01
5.600000000000000533e-01
2.000000000000000000e+00
2.000000000000000000e+00
2.000000000000000000e+00
2.000000000000000000e+00
1.159999999999999920e+00
2.000000000000000000e+00
2.000000000000000000e+00
1.439999999999999947e+00
2.000000000000000000e+00
8.399999999999999689e-01
1.719999999999999973e+00
2.000000000000000000e+00
7.600000000000000089e-01
2.000000000000000000e+00
4.000000000000000222e-01
7.199999999999999734e-01
2.000000000000000000e+00
2.000000000000000000e+00
2.000000000000000000e+00
8.399999999999999689e-01
7.600000000000000089e-01
2.000000000000000000e+00
2.000000000000000000e+00
2.000000000000000000e+00
2.000000000000000000e+00
7.199999999999999734e-01
2.000000000000000000e+00
2.000000000000000000e+00
2.000000000000000000e+00
2.000000000000000000e+00
1.399999999999999911e+00
1.399999999999999911e+00
2.000000000000000000e+00
1.239999999999999991e+00
2.000000000000000000e+00
9.599999999999999645e-01
9.200000000000000400e-01
1.479999999999999982e+00
9.599999999999999645e-01
2.000000000000000000e+00
1.320000000000000062e+00
6.800000000000000488e-01
1.719999999999999973e+00
1.080000000000000071e+00
6.400000000000000133e-01
2.000000000000000000e+00
2.000000000000000000e+00
2.000000000000000000e+00
5.200000000000000178e-01
2.000000000000000000e+00
5.600000000000000533e-01
7.600000000000000089e-01
1.159999999999999920e+00
2.000000000000000000e+00
6.800000000000000488e-01
1.239999999999999991e+00
2.000000000000000000e+00
2.000000000000000000e+00
9.599999999999999645e-01
9.599999999999999645e-01
2.000000000000000000e+00
2.000000000000000000e+00
2.000000000000000000e+00
6.400000000000000133e-01
8.399999999999999689e-01
9.200000000000000400e-01
1.439999999999999947e+00
2.000000000000000000e+00
2.000000000000000000e+00
9.200000000000000400e-01
2.000000000000000000e+00
2.000000000000000000e+00
2.000000000000000000e+00
2.000000000000000000e+00
2.000000000000000000e+00
2.000000000000000000e+00
1.040000000000000036e+00
1.199999999999999956e+00
2.000000000000000000e+00
2.000000000000000000e+00
2.000000000000000000e+00
1.399999999999999911e+00
1.760000000000000009e+00
8.800000000000000044e-01
2.000000000000000000e+00
9.599999999999999645e-01
4.400000000000000022e-01
2.000000000000000000e+00
6.400000000000000133e-01
6.400000000000000133e-01
2.000000000000000000e+00
7.600000000000000089e-01
6.800000000000000488e-01
1.159999999999999920e+00
2.000000000000000000e+00
5.600000000000000533e-01
2.000000000000000000e+00
1.679999999999999938e+00
1.520000000000000018e+00
8.399999999999999689e-01
9.200000000000000400e-01
2.000000000000000000e+00
1.159999999999999920e+00
5.600000000000000533e-01
2.000000000000000000e+00
7.199999999999999734e-01
1.000000000000000000e+00
9.599999999999999645e-01
1.760000000000000009e+00
1.760000000000000009e+00
2.000000000000000000e+00
2.000000000000000000e+00
2.000000000000000000e+00
1.040000000000000036e+00
2.000000000000000000e+00
1.679999999999999938e+00
1.520000000000000018e+00
1.000000000000000000e+00
1.040000000000000036e+00
2.000000000000000000e+00
2.000000000000000000e+00
2.000000000000000000e+00
8.000000000000000444e-01
1.080000000000000071e+00
1.760000000000000009e+00
5.600000000000000533e-01
2.000000000000000000e+00
2.000000000000000000e+00
6.400000000000000133e-01
2.000000000000000000e+00
1.040000000000000036e+00
1.600000000000000089e+00
6.800000000000000488e-01
1.639999999999999902e+00
1.840000000000000080e+00
7.199999999999999734e-01
2.000000000000000000e+00
2.000000000000000000e+00
8.399999999999999689e-01
2.000000000000000000e+00
8.800000000000000044e-01
1.840000000000000080e+00
7.600000000000000089e-01
1.600000000000000089e+00
1.080000000000000071e+00
2.000000000000000000e+00
9.200000000000000400e-01
9.200000000000000400e-01
5.200000000000000178e-01
2.000000000000000000e+00
1.600000000000000089e+00
2.000000000000000000e+00
8.399999999999999689e-01
2.000000000000000000e+00
6.800000000000000488e-01
1.320000000000000062e+00
1.199999999999999956e+00
8.399999999999999689e-01
2.000000000000000000e+00
2.000000000000000000e+00
6.400000000000000133e-01
2.000000000000000000e+00
5.999999999999999778e-01
7.600000000000000089e-01
4.799999999999999822e-01
1.879999999999999893e+00
7.600000000000000089e-01
2.000000000000000000e+00
2.000000000000000000e+00
2.000000000000000000e+00
2.000000000000000000e+00
5.600000000000000533e-01
4.000000000000000222e-01
6.400000000000000133e-01
5.999999999999999778e-01
5.600000000000000533e-01
5.999999999999999778e-01
7.199999999999999734e-01
2.000000000000000000e+00
5.200000000000000178e-01
8.800000000000000044e-01
5.600000000000000533e-01
6.800000000000000488e-01
4.400000000000000022e-01
1.479999999999999982e+00
6.400000000000000133e-01
2.000000000000000000e+00
5.999999999999999778e-01
2.000000000000000000e+00
2.000000000000000000e+00
4.799999999999999822e-01
2.000000000000000000e+00
1.239999999999999991e+00
2.000000000000000000e+00
1.879999999999999893e+00
5.999999999999999778e-01
2.000000000000000000e+00
1.040000000000000036e+00
2.000000000000000000e+00
1.159999999999999920e+00
1.000000000000000000e+00
2.000000000000000000e+00
1.360000000000000098e+00
2.000000000000000000e+00
7.199999999999999734e-01
4.000000000000000222e-01
2.000000000000000000e+00
1.760000000000000009e+00
8.399999999999999689e-01
2.000000000000000000e+00
2.000000000000000000e+00
2.000000000000000000e+00
5.200000000000000178e-01
1.280000000000000027e+00
2.000000000000000000e+00
1.080000000000000071e+00
1.199999999999999956e+00
2.000000000000000000e+00
4.000000000000000222e-01
5.200000000000000178e-01
7.199999999999999734e-01
4.000000000000000222e-01
8.399999999999999689e-01
1.439999999999999947e+00
7.600000000000000089e-01
2.000000000000000000e+00
2.000000000000000000e+00
2.000000000000000000e+00
1.120000000000000107e+00
3.200000000000000067e-01
2.000000000000000000e+00
2.000000000000000000e+00
8.000000000000000444e-01
2.000000000000000000e+00
2.000000000000000000e+00
1.120000000000000107e+00
2.000000000000000111e-01
5.200000000000000178e-01
1.760000000000000009e+00
3.200000000000000067e-01
1.639999999999999902e+00
2.000000000000000000e+00
4.799999999999999822e-01
2.000000000000000000e+00
2.000000000000000000e+00
2.000000000000000000e+00
2.000000000000000000e+00
8.399999999999999689e-01
1.760000000000000009e+00
2.000000000000000000e+00
2.000000000000000000e+00
4.000000000000000222e-01
2.000000000000000000e+00
2.000000000000000000e+00
8.800000000000000044e-01
2.000000000000000000e+00
1.040000000000000036e+00
2.000000000000000000e+00
2.399999999999999911e-01
2.000000000000000000e+00
2.000000000000000000e+00
4.000000000000000222e-01
2.000000000000000000e+00
9.599999999999999645e-01
1.959999999999999964e+00
7.600000000000000089e-01
1.959999999999999964e+00
5.999999999999999778e-01
6.800000000000000488e-01
6.800000000000000488e-01
1.840000000000000080e+00
1.239999999999999991e+00
6.400000000000000133e-01
8.800000000000000044e-01
1.600000000000000089e+00
9.599999999999999645e-01
2.000000000000000000e+00
4.799999999999999822e-01
4.799999999999999822e-01
2.000000000000000000e+00
2.800000000000000266e-01
1.679999999999999938e+00
2.000000000000000000e+00
4.400000000000000022e-01
1.760000000000000009e+00
1.919999999999999929e+00
1.080000000000000071e+00
1.399999999999999911e+00
4.400000000000000022e-01
3.200000000000000067e-01
1.399999999999999911e+00
3.599999999999999867e-01
7.199999999999999734e-01
5.200000000000000178e-01
9.200000000000000400e-01
2.000000000000000000e+00
2.000000000000000000e+00
2.000000000000000000e+00
5.999999999999999778e-01
1.600000000000000089e+00
4.799999999999999822e-01
1.199999999999999956e+00
6.400000000000000133e-01
1.639999999999999902e+00
2.800000000000000266e-01
1.280000000000000027e+00
1.879999999999999893e+00
